-1.29 13.36
-1.29 12.74
-1.29 12.11
-1.29 11.49
-1.29 10.86
-1.29 10.24
-1.29 9.61
-1.29 8.99
-1.29 8.36
-0.66 8.36
-0.66 8.99
-0.66 9.61
-0.66 10.24
-0.66 10.86
-0.66 11.49
-0.66 12.11
-0.66 12.74
-0.66 13.36
-0.66 13.99
-0.66 14.61
-0.66 15.24
-0.66 15.86
-0.04 15.86
-0.04 15.24
-0.04 14.61
-0.04 13.99
-0.04 13.36
-0.04 12.74
-0.04 12.11
-0.04 11.49
-0.04 10.86
-0.04 10.24
-0.04 9.61
-0.04 8.99
-0.04 8.36
-0.04 7.74
-0.04 7.11
0.59 7.11
0.59 7.74
0.59 8.36
0.59 8.99
0.59 9.61
0.59 10.24
0.59 10.86
0.59 11.49
0.59 12.11
0.59 12.74
0.59 13.36
0.59 13.99
0.59 14.61
0.59 15.24
0.59 15.86
0.59 16.49
-0.04 16.49
-0.66 16.49
-1.29 16.49
-1.91 16.49
-2.54 16.49
-2.54 15.86
-2.54 15.24
-2.54 14.61
-2.54 13.99
-2.54 13.36
-1.91 13.36
-1.91 13.99
-1.91 14.61
-1.91 15.24
-1.91 15.86
-1.29 15.86
-1.29 15.24
-1.29 14.61
-1.29 13.99
