-2.54 0.86
-2.54 0.24
-2.54 -0.39
-2.54 -1.01
-2.54 -1.64
-1.91 -1.64
-1.29 -1.64
-0.66 -1.64
-0.04 -1.64
0.59 -1.64
0.59 -1.01
0.59 -0.39
0.59 0.24
0.59 0.86
0.59 1.49
0.59 2.11
0.59 2.74
0.59 3.36
0.59 3.99
0.59 4.61
0.59 5.24
0.59 5.86
0.59 6.49
-0.04 6.49
-0.04 5.86
-0.04 5.24
-0.04 4.61
-0.04 3.99
-0.04 3.36
-0.04 2.74
-0.04 2.11
-0.04 1.49
-0.04 0.86
-0.04 0.24
-0.04 -0.39
-0.04 -1.01
-0.66 -1.01
-0.66 -0.39
-0.66 0.24
-0.66 0.86
-0.66 1.49
-0.66 2.11
-0.66 2.74
-0.66 3.36
-0.66 3.99
-0.66 4.61
-0.66 5.24
-0.66 5.86
-0.66 6.49
-0.66 7.11
-0.66 7.74
-1.29 7.74
-1.29 7.11
-1.29 6.49
-1.29 5.86
-1.29 5.24
-1.29 4.61
-1.29 3.99
-1.29 3.36
-1.29 2.74
-1.29 2.11
-1.29 1.49
-1.29 0.86
-1.29 0.24
-1.29 -0.39
-1.29 -1.01
-1.91 -1.01
-1.91 -0.39
-1.91 0.24
-1.91 0.86
-1.91 1.49
-2.54 1.49
