-2.0 15.4
-2.0 15.03
-2.0 14.65
-2.0 14.28
-2.0 13.9
-2.0 13.53
-2.0 13.15
-1.62 13.15
-1.62 13.53
-1.62 13.9
-1.62 14.28
-1.62 14.65
-1.62 15.03
-1.62 15.4
-1.62 15.78
-1.62 16.15
-1.25 16.15
-1.25 15.78
-1.25 15.4
-1.25 15.03
-1.25 14.65
-1.25 14.28
-1.25 13.9
-1.25 13.53
-1.25 13.15
-1.25 12.78
-1.25 12.4
-1.25 12.03
-1.25 11.65
-1.25 11.28
-1.25 10.9
-1.25 10.53
-1.25 10.15
-1.25 9.78
-1.25 9.4
-1.25 9.03
-1.25 8.65
-1.25 8.28
-1.25 7.9
-1.25 7.53
-1.25 7.15
-0.87 7.15
-0.87 7.53
-0.87 7.9
-0.87 8.28
-0.87 8.65
-0.87 9.03
-0.87 9.4
-0.87 9.78
-0.87 10.15
-0.87 10.53
-0.87 10.9
-0.87 11.28
-0.87 11.65
-0.87 12.03
-0.87 12.4
-0.87 12.78
-0.87 13.15
-0.87 13.53
-0.87 13.9
-0.87 14.28
-0.87 14.65
-0.87 15.03
-0.87 15.4
-0.87 15.78
-0.87 16.15
-0.5 16.15
-0.5 15.78
-0.5 15.4
-0.5 15.03
-0.5 14.65
-0.5 14.28
-0.5 13.9
-0.5 13.53
-0.5 13.15
-0.5 12.78
-0.5 12.4
-0.5 12.03
-0.5 11.65
-0.5 11.28
-0.5 10.9
-0.5 10.53
-0.5 10.15
-0.5 9.78
-0.5 9.4
-0.5 9.03
-0.5 8.65
-0.5 8.28
-0.5 7.9
-0.12 7.9
-0.12 8.28
-0.12 8.65
-0.12 9.03
-0.12 9.4
-0.12 9.78
-0.12 10.15
-0.12 10.53
-0.12 10.9
-0.12 11.28
-0.12 11.65
-0.12 12.03
-0.12 12.4
-0.12 12.78
-0.12 13.15
-0.12 13.53
-0.12 13.9
-0.12 14.28
-0.12 14.65
-0.12 15.03
-0.12 15.4
-0.12 15.78
-0.12 16.15
0.25 16.15
0.25 15.78
0.25 15.4
0.25 15.03
0.25 14.65
0.25 14.28
0.25 13.9
0.25 13.53
0.25 13.15
0.25 12.78
0.25 12.4
0.25 12.03
0.25 11.65
0.25 11.28
0.25 10.9
0.25 10.53
0.25 10.15
0.25 9.78
0.25 9.4
0.25 9.03
0.25 8.65
0.25 8.28
0.25 7.9
0.63 7.9
0.63 8.28
0.63 8.65
0.63 9.03
0.63 9.4
0.63 9.78
0.63 10.15
0.63 10.53
0.63 10.9
0.63 11.28
0.63 11.65
0.63 12.03
0.63 12.4
0.63 12.78
0.63 13.15
0.63 13.53
0.63 13.9
0.63 14.28
0.63 14.65
0.63 15.03
0.63 15.4
0.63 15.78
0.63 16.15
0.63 16.52
0.25 16.52
-0.12 16.52
-0.5 16.52
-0.87 16.52
-1.25 16.52
-1.62 16.52
-2.0 16.52
-2.37 16.52
-2.75 16.52
-2.75 16.15
-2.75 15.78
-2.75 15.4
-2.75 15.03
-2.75 14.65
-2.75 14.28
-2.75 13.9
-2.75 13.53
-2.75 13.15
-2.37 13.15
-2.37 13.53
-2.37 13.9
-2.37 14.28
-2.37 14.65
-2.37 15.03
-2.37 15.4
-2.37 15.78
-2.37 16.15
-2.0 16.15
-2.0 15.78
