-1.25 -0.35
-1.25 -0.72
-1.25 -1.1
-1.25 -1.47
-1.62 -1.47
-1.62 -1.1
-1.62 -0.72
-1.62 -0.35
-1.62 0.03
-1.62 0.4
-1.62 0.78
-1.62 1.15
-1.62 1.53
-2.0 1.53
-2.0 1.15
-2.0 0.78
-2.0 0.4
-2.0 0.03
-2.0 -0.35
-2.0 -0.72
-2.0 -1.1
-2.0 -1.47
-2.37 -1.47
-2.37 -1.1
-2.37 -0.72
-2.37 -0.35
-2.37 0.03
-2.37 0.4
-2.37 0.78
-2.37 1.15
-2.37 1.53
-2.75 1.53
-2.75 1.15
-2.75 0.78
-2.75 0.4
-2.75 0.03
-2.75 -0.35
-2.75 -0.72
-2.75 -1.1
-2.75 -1.47
-2.75 -1.85
-2.37 -1.85
-2.0 -1.85
-1.62 -1.85
-1.25 -1.85
-0.87 -1.85
-0.5 -1.85
-0.12 -1.85
0.25 -1.85
0.63 -1.85
0.63 -1.47
0.63 -1.1
0.63 -0.72
0.63 -0.35
0.63 0.03
0.63 0.4
0.63 0.78
0.63 1.15
0.63 1.53
0.63 1.9
0.63 2.28
0.63 2.65
0.63 3.03
0.63 3.4
0.63 3.78
0.63 4.15
0.63 4.53
0.63 4.9
0.63 5.28
0.63 5.65
0.63 6.03
0.63 6.4
0.63 6.78
0.63 7.15
0.63 7.53
0.25 7.53
0.25 7.15
0.25 6.78
0.25 6.4
0.25 6.03
0.25 5.65
0.25 5.28
0.25 4.9
0.25 4.53
0.25 4.15
0.25 3.78
0.25 3.4
0.25 3.03
0.25 2.65
0.25 2.28
0.25 1.9
0.25 1.53
0.25 1.15
0.25 0.78
0.25 0.4
0.25 0.03
0.25 -0.35
0.25 -0.72
0.25 -1.1
0.25 -1.47
-0.12 -1.47
-0.12 -1.1
-0.12 -0.72
-0.12 -0.35
-0.12 0.03
-0.12 0.4
-0.12 0.78
-0.12 1.15
-0.12 1.53
-0.12 1.9
-0.12 2.28
-0.12 2.65
-0.12 3.03
-0.12 3.4
-0.12 3.78
-0.12 4.15
-0.12 4.53
-0.12 4.9
-0.12 5.28
-0.12 5.65
-0.12 6.03
-0.12 6.4
-0.12 6.78
-0.12 7.15
-0.12 7.53
-0.5 7.53
-0.5 7.15
-0.5 6.78
-0.5 6.4
-0.5 6.03
-0.5 5.65
-0.5 5.28
-0.5 4.9
-0.5 4.53
-0.5 4.15
-0.5 3.78
-0.5 3.4
-0.5 3.03
-0.5 2.65
-0.5 2.28
-0.5 1.9
-0.5 1.53
-0.5 1.15
-0.5 0.78
-0.5 0.4
-0.5 0.03
-0.5 -0.35
-0.5 -0.72
-0.5 -1.1
-0.5 -1.47
-0.87 -1.47
-0.87 -1.1
-0.87 -0.72
-0.87 -0.35
-0.87 0.03
-0.87 0.4
-0.87 0.78
-0.87 1.15
-0.87 1.53
-0.87 1.9
-0.87 2.28
-0.87 2.65
-0.87 3.03
-0.87 3.4
-0.87 3.78
-0.87 4.15
-0.87 4.53
-0.87 4.9
-0.87 5.28
-0.87 5.65
-0.87 6.03
-0.87 6.4
-0.87 6.78
-1.25 6.78
-1.25 6.4
-1.25 6.03
-1.25 5.65
-1.25 5.28
-1.25 4.9
-1.25 4.53
-1.25 4.15
-1.25 3.78
-1.25 3.4
-1.25 3.03
-1.25 2.65
-1.25 2.28
-1.25 1.9
-1.25 1.53
-1.25 1.15
-1.25 0.78
-1.25 0.4
-1.25 0.03
